           0
   0.0000000    
   0.0000000    
        2000
  1.60000008E-02
  7.99999945E-03
        4000
  2.40000002E-02
  2.39999965E-02
        6000
  5.60000092E-02
  5.19999862E-02
        8000
  9.60000008E-02
  9.60000157E-02
       10000
  0.14799997    
  0.14800000    
       12000
  0.21200001    
  0.21600002    
       14000
  0.29199994    
  0.29200006    
       16000
  0.38800001    
  0.41199994    
       18000
  0.49200010    
  0.50000000    
       20000
  0.61600018    
  0.61599970    
       22000
  0.74399996    
  0.74000025    
       24000
  0.87599993    
  0.87599993    
       26000
   1.0200005    
   1.0159998    
       28000
   1.1840000    
   1.1799994    
       30000
   1.3560009    
   1.3839998    
       32000
   1.5559988    
   1.5760002    
       34000
   1.7959995    
   1.7679996    
       36000
   1.9680004    
   1.9720001    
       38000
   2.1639996    
   2.1879997    
       40000
   2.4079990    
   2.4239998    
       42000
   2.6680031    
   2.6719971    
       44000
   2.9120026    
   2.9199982    
       46000
   3.1800003    
   3.2239990    
       48000
   3.5079994    
   3.5360031    
       50000
   3.8400002    
   3.8199997    
       52000
   4.0719986    
   4.0719986    
       54000
   4.3960037    
   4.4720001    
       56000
   4.8239975    
   4.7200012    
       58000
   5.0680008    
   5.1480026    
       60000
   5.4359970    
   5.4520035    
       62000
   5.8560028    
   5.8879929    
       64000
   6.1999969    
   6.1880035    
       66000
   6.5839996    
   6.6439972    
       68000
   7.1080017    
   7.3520050    
       70000
   7.4679871    
   7.5800018    
       72000
   7.9920044    
   7.9160004    
       74000
   8.3560028    
   8.2760010    
       76000
   8.7039948    
   8.7680054    
       78000
   9.2319946    
   9.5960083    
       80000
   9.8440094    
   9.7639771    
       82000
   10.231995    
   10.312012    
       84000
   10.727997    
   10.700012    
       86000
   11.148010    
   11.187988    
       88000
   11.652008    
   11.768005    
       90000
   12.375977    
   12.472015    
       92000
   12.835999    
   12.891998    
       94000
   13.523987    
   14.080017    
       96000
   13.936005    
   14.007996    
       98000
   14.587982    
   14.732025    
      100000
   15.135986    
   15.160004    
