          20
   0.0000000    
   0.0000000    
          21
   0.0000000    
   0.0000000    
          22
   0.0000000    
   0.0000000    
          23
   0.0000000    
   0.0000000    
          24
   0.0000000    
   0.0000000    
          25
   0.0000000    
   0.0000000    
          26
   0.0000000    
   0.0000000    
          27
   0.0000000    
   0.0000000    
          28
   0.0000000    
   0.0000000    
          29
   0.0000000    
   0.0000000    
          30
   0.0000000    
   0.0000000    
          31
   0.0000000    
   0.0000000    
          32
   0.0000000    
   0.0000000    
          33
   0.0000000    
   0.0000000    
          34
   0.0000000    
   0.0000000    
          35
   0.0000000    
   0.0000000    
          36
   0.0000000    
   0.0000000    
          37
   0.0000000    
   0.0000000    
          38
   0.0000000    
   0.0000000    
          39
   0.0000000    
   0.0000000    
          40
   0.0000000    
   0.0000000    
          41
   0.0000000    
   0.0000000    
          42
   0.0000000    
   0.0000000    
          43
   0.0000000    
  3.99999321E-03
          44
   0.0000000    
   0.0000000    
          45
   0.0000000    
   0.0000000    
          46
   0.0000000    
  4.00000811E-03
          47
   0.0000000    
   0.0000000    
          48
   0.0000000    
   0.0000000    
          49
   0.0000000    
   0.0000000    
          50
   0.0000000    
  3.99999321E-03
          51
   0.0000000    
   0.0000000    
          52
   0.0000000    
   0.0000000    
          53
   0.0000000    
   0.0000000    
          54
   0.0000000    
   0.0000000    
          55
   0.0000000    
   0.0000000    
          56
   0.0000000    
   0.0000000    
          57
   0.0000000    
  3.99997830E-03
          58
   0.0000000    
   0.0000000    
          59
   0.0000000    
   0.0000000    
          60
   0.0000000    
   0.0000000    
          61
   0.0000000    
  4.00000811E-03
          62
   0.0000000    
  4.00000811E-03
          63
   0.0000000    
   0.0000000    
          64
   0.0000000    
   0.0000000    
          65
   0.0000000    
  4.00000811E-03
          66
   0.0000000    
  4.00000811E-03
          67
   0.0000000    
   0.0000000    
          68
   0.0000000    
  4.00000811E-03
          69
   0.0000000    
   0.0000000    
          70
  4.00000811E-03
   0.0000000    
          71
  4.00000811E-03
  3.99994850E-03
          72
   0.0000000    
   0.0000000    
          73
  4.00000811E-03
  3.99994850E-03
          74
   0.0000000    
  4.00006771E-03
          75
   0.0000000    
   0.0000000    
          76
  4.00006771E-03
  4.00006771E-03
          77
   0.0000000    
  4.00006771E-03
          78
   0.0000000    
  4.00006771E-03
          79
   0.0000000    
   0.0000000    
          80
   0.0000000    
  3.99994850E-03
          81
   0.0000000    
   0.0000000    
          82
   0.0000000    
  3.99994850E-03
          83
   0.0000000    
  3.99994850E-03
          84
   0.0000000    
  4.00006771E-03
          85
   0.0000000    
  3.99994850E-03
          86
   0.0000000    
  3.99994850E-03
          87
   0.0000000    
  3.99994850E-03
          88
   0.0000000    
  3.99994850E-03
          89
   0.0000000    
  3.99994850E-03
          90
   0.0000000    
  3.99994850E-03
          91
   0.0000000    
  3.99994850E-03
          92
   0.0000000    
  3.99994850E-03
          93
   0.0000000    
  3.99994850E-03
          94
   0.0000000    
  3.99994850E-03
          95
   0.0000000    
  3.99994850E-03
          96
   0.0000000    
  4.00018692E-03
          97
   0.0000000    
  3.99994850E-03
          98
   0.0000000    
  4.00018692E-03
          99
   0.0000000    
  3.99994850E-03
         100
   0.0000000    
  8.00013542E-03
         101
   0.0000000    
  7.99989700E-03
         102
   0.0000000    
  7.99989700E-03
         103
   0.0000000    
  7.99989700E-03
         104
   0.0000000    
  7.99989700E-03
         105
   0.0000000    
  7.99989700E-03
         106
  4.00018692E-03
  7.99989700E-03
         107
   0.0000000    
  7.99989700E-03
         108
   0.0000000    
  7.99989700E-03
         109
  4.00018692E-03
  7.99989700E-03
         110
  4.00018692E-03
  7.99989700E-03
         111
   0.0000000    
  1.20000839E-02
         112
   0.0000000    
  7.99989700E-03
         113
   0.0000000    
  7.99989700E-03
         114
   0.0000000    
  7.99989700E-03
         115
   0.0000000    
  1.20000839E-02
         116
   0.0000000    
  7.99989700E-03
         117
   0.0000000    
  1.19996071E-02
         118
  3.99971008E-03
  1.20000839E-02
         119
  4.00018692E-03
  1.20000839E-02
         120
   0.0000000    
  7.99989700E-03
         121
  4.00018692E-03
  1.20000839E-02
         122
   0.0000000    
  7.99989700E-03
         123
   0.0000000    
  1.59997940E-02
         124
   0.0000000    
  1.20000839E-02
         125
   0.0000000    
  1.20000839E-02
         126
  4.00066376E-03
  1.20000839E-02
         127
  4.00066376E-03
  1.60007477E-02
         128
  3.99971008E-03
  1.59997940E-02
         129
   0.0000000    
  1.60007477E-02
         130
   0.0000000    
  1.60007477E-02
         131
   0.0000000    
  1.20000839E-02
         132
  3.99971008E-03
  1.59997940E-02
         133
  3.99971008E-03
  1.59997940E-02
         134
  3.99971008E-03
  1.59997940E-02
         135
  3.99971008E-03
  1.60007477E-02
         136
   0.0000000    
  1.60007477E-02
         137
  3.99971008E-03
  1.59997940E-02
         138
  3.99971008E-03
  1.59997940E-02
         139
   0.0000000    
  1.59997940E-02
         140
   0.0000000    
  1.59997940E-02
         141
   0.0000000    
  1.99995041E-02
         142
  4.00066376E-03
  1.99995041E-02
         143
   0.0000000    
  1.99995041E-02
         144
   0.0000000    
  1.99995041E-02
         145
   0.0000000    
  1.99995041E-02
         146
   0.0000000    
  2.00004578E-02
         147
  3.99971008E-03
  2.00004578E-02
         148
   0.0000000    
  2.00004578E-02
         149
   0.0000000    
  2.00004578E-02
         150
   0.0000000    
  2.00004578E-02
         151
   0.0000000    
  2.40001678E-02
         152
  3.99971008E-03
  2.00004578E-02
         153
   0.0000000    
  1.99985504E-02
         154
  3.99971008E-03
  1.99985504E-02
         155
  3.99971008E-03
  2.40001678E-02
         156
   0.0000000    
  2.40001678E-02
         157
  3.99971008E-03
  2.40001678E-02
         158
   0.0000000    
  2.79998779E-02
         159
  3.99971008E-03
  2.40001678E-02
         160
   0.0000000    
  2.40001678E-02
         161
   0.0000000    
  2.40001678E-02
         162
   0.0000000    
  2.79998779E-02
         163
   0.0000000    
  2.79998779E-02
         164
   0.0000000    
  2.80017853E-02
         165
  3.99971008E-03
  2.79998779E-02
         166
  3.99971008E-03
  2.79998779E-02
         167
   0.0000000    
  2.79998779E-02
         168
  3.99971008E-03
  2.79998779E-02
         169
  3.99971008E-03
  3.19995880E-02
         170
  3.99971008E-03
  3.59992981E-02
         171
   0.0000000    
  3.19995880E-02
         172
  3.99971008E-03
  3.20014954E-02
         173
   0.0000000    
  3.20014954E-02
         174
  3.99971008E-03
  3.20014954E-02
         175
  3.99780273E-03
  3.59992981E-02
         176
  3.99780273E-03
  3.20014954E-02
         177
  4.00161743E-03
  3.59992981E-02
         178
  4.00161743E-03
  3.59992981E-02
         179
  3.99780273E-03
  3.60031128E-02
         180
   0.0000000    
  4.00009155E-02
         181
  3.99780273E-03
  4.00009155E-02
         182
  4.00161743E-03
  3.59992981E-02
         183
  4.00161743E-03
  3.99971008E-02
         184
  3.99780273E-03
  4.40025330E-02
         185
  4.00161743E-03
  4.00009155E-02
         186
  3.99780273E-03
  4.80003357E-02
         187
  3.99780273E-03
  4.39987183E-02
         188
  4.00161743E-03
  4.39987183E-02
         189
  4.00161743E-03
  4.80003357E-02
         190
  3.99780273E-03
  4.80003357E-02
         191
  4.00161743E-03
  4.39987183E-02
         192
  3.99780273E-03
  4.80003357E-02
         193
  3.99780273E-03
  4.80003357E-02
         194
  4.00161743E-03
  4.80003357E-02
         195
  4.00161743E-03
  4.80003357E-02
         196
  4.00161743E-03
  5.20019531E-02
         197
  4.00161743E-03
  4.80003357E-02
         198
  8.00323486E-03
  4.80003357E-02
         199
  4.00161743E-03
  5.19981384E-02
         200
  3.99780273E-03
  4.80003357E-02
         201
  4.00161743E-03
  5.20019531E-02
         202
  3.99780273E-03
  5.59997559E-02
         203
  3.99780273E-03
  6.39991760E-02
         204
  4.00161743E-03
  5.59997559E-02
         205
  4.00161743E-03
  6.00013733E-02
         206
  3.99780273E-03
  5.20019531E-02
         207
  3.99780273E-03
  5.59997559E-02
         208
  3.99780273E-03
  5.59997559E-02
         209
  7.99560547E-03
  5.59997559E-02
         210
  3.99780273E-03
  5.99975586E-02
         211
  4.00543213E-03
  5.99975586E-02
         212
  4.00543213E-03
  5.99975586E-02
         213
  3.99780273E-03
  5.99975586E-02
         214
  8.00323486E-03
  6.40029907E-02
         215
  8.00323486E-03
  6.40029907E-02
         216
  4.00543213E-03
  6.80007935E-02
         217
  4.00543213E-03
  6.40029907E-02
         218
  3.99780273E-03
  6.80007935E-02
         219
  4.00543213E-03
  6.80007935E-02
         220
  4.00543213E-03
  6.80007935E-02
         221
  3.99780273E-03
  7.19985962E-02
         222
  3.99780273E-03
  6.80007935E-02
         223
  8.00323486E-03
  7.19985962E-02
         224
  8.00323486E-03
  7.19985962E-02
         225
  7.99560547E-03
  7.19985962E-02
         226
  7.99560547E-03
  7.19985962E-02
         227
  8.00323486E-03
  7.60040283E-02
         228
  8.00323486E-03
  7.60040283E-02
         229
  7.99560547E-03
  7.60040283E-02
         230
  7.99560547E-03
  8.00018311E-02
         231
  8.00323486E-03
  7.60040283E-02
         232
  7.99560547E-03
  7.99942017E-02
         233
  8.00323486E-03
  8.00018311E-02
         234
  4.00543213E-03
  7.99942017E-02
         235
  4.00543213E-03
  8.00018311E-02
         236
  8.00323486E-03
  8.79974365E-02
         237
  7.99560547E-03
  8.79974365E-02
         238
  7.99560547E-03
  8.39996338E-02
         239
  8.00323486E-03
  8.79974365E-02
         240
  8.00323486E-03
  8.80050659E-02
         241
  8.00323486E-03
  9.19952393E-02
         242
  7.99560547E-03
  9.20028687E-02
         243
  7.99560547E-03
  9.60006714E-02
         244
  3.99780273E-03
  9.19952393E-02
         245
  8.00323486E-03
  9.19952393E-02
         246
  8.00323486E-03
  0.10000610    
         247
  1.20086670E-02
  9.60083008E-02
         248
  8.01086426E-03
  9.59930420E-02
         249
  7.99560547E-03
  9.99908447E-02
         250
  7.99560547E-03
  9.99908447E-02
         251
  1.19934082E-02
  9.99908447E-02
         252
  7.99560547E-03
  9.99908447E-02
         253
  8.01086426E-03
  0.10000610    
         254
  7.99560547E-03
  0.10398865    
         255
  7.99560547E-03
  0.10398865    
         256
  1.19934082E-02
  0.12400818    
         257
  7.99560547E-03
  0.11201477    
         258
  7.99560547E-03
  0.10800171    
         259
  7.99560547E-03
  0.11199951    
         260
  7.99560547E-03
  0.12001038    
         261
  8.01086426E-03
  0.12001038    
         262
  7.99560547E-03
  0.11599731    
         263
  7.99560547E-03
  0.12399292    
         264
  8.01086426E-03
  0.12400818    
         265
  1.19934082E-02
  0.11999512    
         266
  1.19934082E-02
  0.12800598    
         267
  1.20086670E-02
  0.13200378    
         268
  1.19934082E-02
  0.12399292    
         269
  1.20086670E-02
  0.12800598    
         270
  1.19934082E-02
  0.12800598    
         271
  8.01086426E-03
  0.13600159    
         272
  1.19934082E-02
  0.13200378    
         273
  7.99560547E-03
  0.13600159    
         274
  1.20086670E-02
  0.13200378    
         275
  1.19934082E-02
  0.13600159    
         276
  7.99560547E-03
  0.13600159    
         277
  1.20086670E-02
  0.13999939    
         278
  1.19934082E-02
  0.13999939    
         279
  1.19934082E-02
  0.14399719    
         280
  1.20086670E-02
  0.13999939    
         281
  1.19934082E-02
  0.14799500    
         282
  1.19934082E-02
  0.14401245    
         283
  1.19934082E-02
  0.14799500    
         284
  1.19934082E-02
  0.14801025    
         285
  1.60064697E-02
  0.15199280    
         286
  1.19934082E-02
  0.16400146    
         287
  1.19934082E-02
  0.16400146    
         288
  1.19934082E-02
  0.16400146    
         289
  1.19934082E-02
  0.16000366    
         290
  1.20086670E-02
  0.16000366    
         291
  1.19934082E-02
  0.16000366    
         292
  1.19934082E-02
  0.16400146    
         293
  1.60217285E-02
  0.16400146    
         294
  1.19934082E-02
  0.16799927    
         295
  1.60217285E-02
  0.16799927    
         296
  1.19934082E-02
  0.17602539    
         297
  1.20239258E-02
  0.17199707    
         298
  1.59912109E-02
  0.18801880    
         299
  1.59912109E-02
  0.17599487    
         300
  1.59912109E-02
  0.17999268    
         301
  1.60217285E-02
  0.17599487    
         302
  1.60217285E-02
  0.18399048    
         303
  1.19934082E-02
  0.17999268    
         304
  1.59912109E-02
  0.18399048    
         305
  1.60217285E-02
  0.18399048    
         306
  1.59912109E-02
  0.19201660    
         307
  1.59912109E-02
  0.19198608    
         308
  1.19934082E-02
  0.19198608    
         309
  1.60217285E-02
  0.20397949    
         310
  1.59912109E-02
  0.19601440    
         311
  1.59912109E-02
  0.19998169    
         312
  1.59912109E-02
  0.19998169    
         313
  1.59912109E-02
  0.20401001    
         314
  1.60217285E-02
  0.20401001    
         315
  1.60217285E-02
  0.22399902    
         316
  1.59912109E-02
  0.20800781    
         317
  1.99890137E-02
  0.21200562    
         318
  1.59912109E-02
  0.22000122    
         319
  1.59912109E-02
  0.22000122    
         320
  1.59912109E-02
  0.23199463    
         321
  1.99890137E-02
  0.22399902    
         322
  1.59912109E-02
  0.22000122    
         323
  1.99890137E-02
  0.22802734    
         324
  1.99890137E-02
  0.22402954    
         325
  1.99890137E-02
  0.22799683    
         326
  2.00195313E-02
  0.23602295    
         327
  2.00195313E-02
  0.23199463    
         328
  1.59912109E-02
  0.23999023    
         329
  2.00195313E-02
  0.23599243    
         330
  1.99890137E-02
  0.24401855    
         331
  2.00195313E-02
  0.24398804    
         332
  1.99890137E-02
  0.24801636    
         333
  1.99890137E-02
  0.24798584    
         334
  1.99890137E-02
  0.24798584    
         335
  2.00195313E-02
  0.25598145    
         336
  2.39868164E-02
  0.24798584    
         337
  2.00195313E-02
  0.26000977    
         338
  1.99890137E-02
  0.25598145    
         339
  2.40173340E-02
  0.26000977    
         340
  2.00195313E-02
  0.26800537    
         341
  1.99890137E-02
  0.28799438    
         342
  2.39868164E-02
  0.28399658    
         343
  1.99890137E-02
  0.27200317    
         344
  2.00195313E-02
  0.26800537    
         345
  2.00195313E-02
  0.27999878    
         346
  2.39868164E-02
  0.27600098    
         347
  2.00195313E-02
  0.27996826    
         348
  2.40478516E-02
  0.27996826    
         349
  1.99584961E-02
  0.29205322    
         350
  2.40478516E-02
  0.29602051    
         351
  2.00195313E-02
  0.29199219    
         352
  1.99584961E-02
  0.31597900    
         353
  2.40478516E-02
  0.29205322    
         354
  2.39868164E-02
  0.29595947    
         355
  2.40478516E-02
  0.29998779    
         356
  2.40478516E-02
  0.30798340    
         357
  2.39868164E-02
  0.30798340    
         358
  2.39868164E-02
  0.30798340    
         359
  2.39868164E-02
  0.31195068    
         360
  2.39868164E-02
  0.31604004    
         361
  2.80151367E-02
  0.32000732    
         362
  2.40478516E-02
  0.32800293    
         363
  2.80151367E-02
  0.32403564    
         364
  2.39868164E-02
  0.32800293    
         365
  2.79541016E-02
  0.34802246    
         366
  2.80151367E-02
  0.33599854    
         367
  2.80151367E-02
  0.33605957    
         368
  2.79541016E-02
  0.34002686    
         369
  2.39868164E-02
  0.34399414    
         370
  2.80151367E-02
  0.35998535    
         371
  2.79541016E-02
  0.35601807    
         372
  2.80151367E-02
  0.35601807    
         373
  2.80151367E-02
  0.36401367    
         374
  2.40478516E-02
  0.37200928    
         375
  2.79541016E-02
  0.37994385    
         376
  2.80151367E-02
  0.36401367    
         377
  3.19824219E-02
  0.37200928    
         378
  3.19824219E-02
  0.37597656    
         379
  2.80151367E-02
  0.41601563    
         380
  3.19824219E-02
  0.38397217    
         381
  2.79541016E-02
  0.39202881    
         382
  2.80151367E-02
  0.44799805    
         383
  3.59497070E-02
  0.39202881    
         384
  2.80151367E-02
  0.48394775    
         385
  3.19824219E-02
  0.40399170    
         386
  3.19824219E-02
  0.41204834    
         387
  3.20434570E-02
  0.41998291    
         388
  2.80151367E-02
  0.41198730    
         389
  3.19824219E-02
  0.42395020    
         390
  3.20434570E-02
  0.41998291    
         391
  3.19824219E-02
  0.42401123    
         392
  3.20434570E-02
  0.44000244    
         393
  3.19824219E-02
  0.43194580    
         394
  3.19824219E-02
  0.45196533    
         395
  3.60107422E-02
  0.46398926    
         396
  3.60107422E-02
  0.44000244    
         397
  3.60107422E-02
  0.45202637    
         398
  3.20434570E-02
  0.45599365    
         399
  3.60107422E-02
  0.45202637    
         400
  3.60107422E-02
  0.44000244    
         401
  3.20434570E-02
  0.45202637    
         402
  3.19824219E-02
  0.45599365    
         403
  3.60107422E-02
  0.46405029    
         404
  3.19824219E-02
  0.48004150    
         405
  3.59497070E-02
  0.50000000    
         406
  3.60107422E-02
  0.47601318    
         407
  3.99780273E-02
  0.47595215    
         408
  3.60107422E-02
  0.48400879    
         409
  3.58886719E-02
  0.52807617    
         410
  4.00390625E-02
  0.51599121    
         411
  4.39453125E-02
  0.51196289    
         412
  3.60107422E-02
  0.51208496    
         413
  4.00390625E-02
  0.51599121    
         414
  4.00390625E-02
  0.50793457    
         415
  3.99169922E-02
  0.57604980    
         416
  4.00390625E-02
  0.54809570    
         417
  4.00390625E-02
  0.52392578    
         418
  4.00390625E-02
  0.52807617    
         419
  4.39453125E-02
  0.56005859    
         420
  4.00390625E-02
  0.56005859    
         421
  4.00390625E-02
  0.56005859    
         422
  4.39453125E-02
  0.58007813    
         423
  5.20019531E-02
  0.58789063    
         424
  4.40673828E-02
  0.56396484    
         425
  4.39453125E-02
  0.56396484    
         426
  4.39453125E-02
  0.55993652    
         427
  4.39453125E-02
  0.56799316    
         428
  4.00390625E-02
  0.56005859    
         429
  4.39453125E-02
  0.56396484    
         430
  4.00390625E-02
  0.60009766    
         431
  5.20019531E-02
  0.59997559    
         432
  4.39453125E-02
  0.56005859    
         433
  4.79736328E-02
  0.57995605    
         434
  4.39453125E-02
  0.59997559    
         435
  4.39453125E-02
  0.58398438    
         436
  4.39453125E-02
  0.63598633    
         437
  4.40673828E-02
  0.66406250    
         438
  4.39453125E-02
  0.65600586    
         439
  4.79736328E-02
  0.61999512    
         440
  4.39453125E-02
  0.61206055    
         441
  4.39453125E-02
  0.61206055    
         442
  4.39453125E-02
  0.61999512    
         443
  4.80957031E-02
  0.64794922    
         444
  5.60302734E-02
  0.64001465    
         445
  4.80957031E-02
  0.63195801    
         446
  4.79736328E-02
  0.63598633    
         447
  4.39453125E-02
  0.63195801    
         448
  4.79736328E-02
  0.67993164    
         449
  4.79736328E-02
  0.64001465    
         450
  4.80957031E-02
  0.65197754    
         451
  5.20019531E-02
  0.65209961    
         452
  4.79736328E-02
  0.66003418    
         453
  4.79736328E-02
  0.68005371    
         454
  4.79736328E-02
  0.68395996    
         455
  5.20019531E-02
  0.70007324    
         456
  5.20019531E-02
  0.66394043    
         457
  5.20019531E-02
  0.68395996    
         458
  4.79736328E-02
  0.70397949    
         459
  5.20019531E-02
  0.70007324    
         460
  5.20019531E-02
  0.69201660    
         461
  5.20019531E-02
  0.71606445    
         462
  5.20019531E-02
  0.70800781    
         463
  5.60302734E-02
  0.75195313    
         464
  5.60302734E-02
  0.69201660    
         465
  5.18798828E-02
  0.76391602    
         466
  5.20019531E-02
  0.89196777    
         467
  5.59082031E-02
  0.78405762    
         468
  5.99365234E-02
  0.76000977    
         469
  5.60302734E-02
  0.76794434    
         470
  5.60302734E-02
  0.78393555    
         471
  5.59082031E-02
  0.78393555    
         472
  6.00585938E-02
  0.78002930    
         473
  6.00585938E-02
  0.85205078    
         474
  5.60302734E-02
  0.80395508    
         475
  5.99365234E-02
  0.82800293    
         476
  6.00585938E-02
  0.84399414    
         477
  5.99365234E-02
  0.80004883    
         478
  5.99365234E-02
  0.81201172    
         479
  6.40869141E-02
  0.90405273    
         480
  6.40869141E-02
  0.82788086    
         481
  6.00585938E-02
  0.85205078    
         482
  6.00585938E-02
  0.82397461    
         483
  6.42089844E-02
  0.84399414    
         484
  6.39648438E-02
  0.82421875    
         485
  5.98144531E-02
  0.84008789    
         486
  5.98144531E-02
  0.82812500    
         487
  6.39648438E-02
  0.82788086    
         488
  6.00585938E-02
  0.81982422    
         489
  6.39648438E-02
  0.84399414    
         490
  5.98144531E-02
  0.86816406    
         491
  6.39648438E-02
  0.87207031    
         492
  6.00585938E-02
  0.85986328    
         493
  6.81152344E-02
  0.88793945    
         494
  6.78710938E-02
  0.88403320    
         495
  6.39648438E-02
  0.89208984    
         496
  6.39648438E-02
  0.86791992    
         497
  6.39648438E-02
  0.89599609    
         498
  6.81152344E-02
  0.92016602    
         499
  6.81152344E-02
  0.91186523    
         500
  6.39648438E-02
  0.91601563    
         501
  6.81152344E-02
  0.92822266    
         502
  7.20214844E-02
  0.93603516    
         503
  6.81152344E-02
  0.95996094    
         504
  7.20214844E-02
  0.94409180    
         505
  7.20214844E-02
  0.98388672    
         506
  7.20214844E-02
  0.99584961    
         507
  7.20214844E-02
  0.99584961    
         508
  6.81152344E-02
  0.95605469    
         509
  7.20214844E-02
   1.0161133    
         510
  7.17773438E-02
  0.99194336    
         511
  8.00781250E-02
  0.97192383    
         512
  7.17773438E-02
   1.2438965    
         513
  7.59277344E-02
  0.97192383    
         514
  7.59277344E-02
   1.1159668    
         515
  7.61718750E-02
   1.1240234    
         516
  7.98339844E-02
   1.0559082    
         517
  7.59277344E-02
   1.1640625    
         518
  7.59277344E-02
   1.0080566    
         519
  7.59277344E-02
   1.0480957    
         520
  8.39843750E-02
   1.0200195    
         521
  8.00781250E-02
   1.0720215    
         522
  7.98339844E-02
   1.0520020    
         523
  8.00781250E-02
   1.0639648    
         524
  8.39843750E-02
   1.0720215    
         525
  8.00781250E-02
   1.0759277    
         526
  7.98339844E-02
   1.0878906    
         527
  8.39843750E-02
   1.0920410    
         528
  8.00781250E-02
   1.1201172    
         529
  8.42285156E-02
   1.1159668    
         530
  8.78906250E-02
   1.1401367    
         531
  8.39843750E-02
   1.1479492    
         532
  8.39843750E-02
   1.1318359    
         533
  8.78906250E-02
   1.1718750    
         534
  8.39843750E-02
   1.1440430    
         535
  8.78906250E-02
   1.1879883    
         536
  8.81347656E-02
   1.1760254    
         537
  9.20410156E-02
   1.1281738    
         538
  7.98339844E-02
   1.1879883    
         539
  8.78906250E-02
   1.1560059    
         540
  8.39843750E-02
   1.2438965    
         541
  8.39843750E-02
   1.1838379    
         542
  9.59472656E-02
   1.1520996    
         543
  8.81347656E-02
   1.1958008    
         544
  8.81347656E-02
   1.2480469    
         545
  8.39843750E-02
   1.2399902    
         546
  8.78906250E-02
   1.2280273    
         547
  9.20410156E-02
   1.2399902    
         548
  8.81347656E-02
   1.2478027    
         549
  8.39843750E-02
   1.2080078    
         550
  8.81347656E-02
   1.2519531    
         551
  8.81347656E-02
   1.2399902    
         552
  8.78906250E-02
   1.2160645    
         553
  9.20410156E-02
   1.2800293    
         554
  8.81347656E-02
   1.3317871    
         555
  9.20410156E-02
   1.3161621    
         556
  9.59472656E-02
   1.3120117    
         557
  9.59472656E-02
   1.3439941    
         558
  9.59472656E-02
   1.3161621    
         559
  0.10400391    
   1.3239746    
         560
  9.98535156E-02
   1.3081055    
         561
  0.11987305    
   1.3681641    
         562
  9.59472656E-02
   1.3400879    
         563
  9.98535156E-02
   1.4040527    
         564
  0.10009766    
   1.3679199    
         565
  9.98535156E-02
   1.3562012    
         566
  9.59472656E-02
   1.3718262    
         567
  9.98535156E-02
   1.4279785    
         568
  0.10400391    
   1.4042969    
         569
  0.10400391    
   1.4277344    
         570
  0.10400391    
   1.4243164    
         571
  0.10400391    
   1.4199219    
         572
  0.10009766    
   1.4243164    
         573
  0.10400391    
   1.4799805    
         574
  0.10400391    
   1.4682617    
         575
  0.10791016    
   1.6362305    
         576
  0.10400391    
   1.5561523    
         577
  0.10400391    
   1.4799805    
         578
  0.10400391    
   1.5683594    
         579
  0.11181641    
   1.5078125    
         580
  0.10791016    
   1.4960938    
         581
  0.10791016    
   1.5317383    
         582
  0.10791016    
   1.5600586    
         583
  0.10791016    
   1.5161133    
         584
  0.10839844    
   1.5000000    
         585
  0.11181641    
   1.5561523    
         586
  0.11181641    
   1.5839844    
         587
  0.10839844    
   1.5439453    
         588
  0.10791016    
   1.5600586    
         589
  0.11230469    
   1.5600586    
         590
  0.11230469    
   1.5600586    
         591
  0.11572266    
   1.5678711    
         592
  0.11572266    
   1.5600586    
         593
  0.11181641    
   1.5800781    
         594
  0.11230469    
   1.5878906    
         595
  0.11621094    
   1.6000977    
         596
  0.11181641    
   1.6201172    
         597
  0.11572266    
   1.5961914    
         598
  0.11621094    
   1.5922852    
         599
  0.11572266    
   1.6440430    
         600
  0.11621094    
   1.6279297    
         601
  0.12011719    
   1.6479492    
         602
  0.12011719    
   1.6479492    
         603
  0.12011719    
   1.6757813    
         604
  0.12011719    
   1.6918945    
         605
  0.12011719    
   1.6718750    
         606
  0.12402344    
   1.6997070    
         607
  0.12792969    
   1.7158203    
         608
  0.12402344    
   1.6958008    
         609
  0.12402344    
   1.7358398    
         610
  0.12402344    
   1.7363281    
         611
  0.12402344    
   1.7641602    
         612
  0.12792969    
   1.7680664    
         613
  0.12792969    
   1.7797852    
         614
  0.12792969    
   1.6958008    
         615
  0.12792969    
   1.7919922    
         616
  0.12792969    
   1.7724609    
         617
  0.13232422    
   1.8159180    
         618
  0.12792969    
   1.8159180    
         619
  0.13232422    
   1.8364258    
         620
  0.13183594    
   1.8442383    
         621
  0.14013672    
   1.8559570    
         622
  0.12792969    
   1.8481445    
         623
  0.13623047    
   1.8681641    
         624
  0.13232422    
   1.8642578    
         625
  0.13623047    
   1.8837891    
         626
  0.14013672    
   1.8759766    
         627
  0.13623047    
   1.8842773    
         628
  0.13574219    
   1.9199219    
         629
  0.13623047    
   1.9404297    
         630
  0.13623047    
   1.8920898    
         631
  0.14404297    
   1.9443359    
         632
  0.13964844    
   1.9243164    
         633
  0.14013672    
   1.9721680    
         634
  0.14404297    
   1.9521484    
         635
  0.14404297    
   1.9838867    
         636
  0.13623047    
   2.0161133    
         637
  0.14013672    
   2.0039063    
         638
  0.14404297    
   2.0000000    
         639
  0.14794922    
   2.0200195    
         640
  0.14794922    
   2.4038086    
         641
  0.14794922    
   2.0678711    
         642
  0.14794922    
   2.0800781    
         643
  0.15185547    
   2.0678711    
         644
  0.14794922    
   2.1000977    
         645
  0.15185547    
   2.1157227    
         646
  0.14794922    
   2.0917969    
         647
  0.14794922    
   2.1284180    
         648
  0.15185547    
   2.1079102    
         649
  0.15625000    
   2.1601563    
         650
  0.14794922    
   2.1718750    
         651
  0.16015625    
   2.1601563    
         652
  0.15625000    
   2.1801758    
         653
  0.15625000    
   2.2001953    
         654
  0.15185547    
   2.1801758    
         655
  0.16406250    
   2.2358398    
         656
  0.15966797    
   2.1801758    
         657
  0.15185547    
   2.2563477    
         658
  0.15576172    
   2.2480469    
         659
  0.16406250    
   2.2802734    
         660
  0.15576172    
   2.2919922    
         661
  0.16015625    
   2.2958984    
         662
  0.16015625    
   2.2680664    
         663
  0.16406250    
   2.2958984    
         664
  0.16015625    
   2.2758789    
         665
  0.15966797    
   2.3159180    
         666
  0.16406250    
   2.2680664    
         667
  0.16796875    
   2.3276367    
         668
  0.16406250    
   2.3481445    
         669
  0.16406250    
   2.3759766    
         670
  0.16796875    
   2.3881836    
         671
  0.17578125    
   2.3837891    
         672
  0.16796875    
   2.3408203    
         673
  0.17285156    
   2.4003906    
         674
  0.16796875    
   2.4238281    
         675
  0.16796875    
   2.4521484    
         676
  0.17187500    
   2.4443359    
         677
  0.17578125    
   2.4716797    
         678
  0.17187500    
   2.5000000    
         679
  0.17578125    
   2.4755859    
         680
  0.17578125    
   2.4882813    
         681
  0.17968750    
   2.5087891    
         682
  0.17187500    
   2.4638672    
         683
  0.17578125    
   2.5166016    
         684
  0.17968750    
   2.5283203    
         685
  0.18066406    
   2.5322266    
         686
  0.17578125    
   2.5517578    
         687
  0.18359375    
   2.4082031    
         688
  0.16796875    
   2.3886719    
         689
  0.16796875    
   2.4199219    
         690
  0.17187500    
   2.4199219    
         691
  0.17578125    
   2.4482422    
         692
  0.16796875    
   2.4716797    
         693
  0.17187500    
   2.4755859    
         694
  0.17285156    
   2.4726563    
         695
  0.17578125    
   2.4960938    
         696
  0.17187500    
   2.4648438    
         697
  0.17578125    
   2.5117188    
         698
  0.17675781    
   2.5156250    
         699
  0.18066406    
   2.5439453    
         700
  0.17968750    
   2.5478516    
         701
  0.17968750    
   2.5556641    
         702
  0.17968750    
   2.5751953    
         703
  0.18359375    
   2.6083984    
         704
  0.17968750    
   2.6474609    
         705
  0.18457031    
   2.6005859    
         706
  0.18066406    
   2.6318359    
         707
  0.18359375    
   2.6484375    
         708
  0.18359375    
   2.6445313    
         709
  0.18359375    
   2.6396484    
         710
  0.18750000    
   2.6523438    
         711
  0.18847656    
   2.6962891    
         712
  0.18750000    
   2.6445313    
         713
  0.19238281    
   2.6845703    
         714
  0.18847656    
   2.7285156    
         715
  0.19238281    
   2.7402344    
         716
  0.19238281    
   2.7314453    
         717
  0.19140625    
   2.7236328    
         718
  0.19140625    
   2.7314453    
         719
  0.19628906    
   2.7636719    
         720
  0.19140625    
   2.7314453    
         721
  0.19628906    
   2.7998047    
         722
  0.19238281    
   2.7802734    
         723
  0.19628906    
   2.8154297    
         724
  0.19628906    
   2.8281250    
         725
  0.20019531    
   2.8486328    
         726
  0.20019531    
   2.8486328    
         727
  0.20019531    
   2.8681641    
         728
  0.19628906    
   2.8554688    
         729
  0.20410156    
   2.9160156    
         730
  0.20019531    
   2.9160156    
         731
  0.20410156    
   2.9443359    
         732
  0.20410156    
   2.9443359    
         733
  0.20800781    
   2.9765625    
         734
  0.20410156    
   2.9833984    
         735
  0.20800781    
   3.0126953    
         736
  0.20800781    
   2.9843750    
         737
  0.20800781    
   3.0556641    
         738
  0.20800781    
   3.0595703    
         739
  0.21191406    
   3.0878906    
         740
  0.20800781    
   3.1123047    
         741
  0.21191406    
   3.1240234    
         742
  0.20800781    
   3.1318359    
         743
  0.21679688    
   3.1601563    
         744
  0.21191406    
   3.1445313    
         745
  0.21582031    
   3.2041016    
         746
  0.21582031    
   3.2119141    
         747
  0.22070313    
   3.2285156    
         748
  0.21582031    
   3.2607422    
         749
  0.21582031    
   3.2714844    
         750
  0.21972656    
   3.2841797    
         751
  0.21972656    
   3.2792969    
         752
  0.21972656    
   3.2802734    
         753
  0.21972656    
   3.3476563    
         754
  0.22070313    
   3.3564453    
         755
  0.22460938    
   3.3837891    
         756
  0.22460938    
   3.4033203    
         757
  0.22753906    
   3.4238281    
         758
  0.22363281    
   3.4355469    
         759
  0.22753906    
   3.4648438    
         760
  0.22851563    
   3.4521484    
         761
  0.22851563    
   3.5039063    
         762
  0.22753906    
   3.5039063    
         763
  0.23242188    
   3.5400391    
         764
  0.23242188    
   3.5634766    
         765
  0.23632813    
   3.5878906    
         766
  0.23144531    
   3.5996094    
         767
  0.23632813    
   3.6083984    
         768
  0.23144531    
   4.3242188    
         769
  0.23632813    
   3.6562500    
         770
  0.23535156    
   3.6835938    
         771
  0.24023438    
   3.7041016    
         772
  0.24023438    
   3.7402344    
         773
  0.24414063    
   3.7314453    
         774
  0.23925781    
   3.7597656    
         775
  0.24414063    
   3.7919922    
         776
  0.24023438    
   3.7724609    
         777
  0.24414063    
   3.8320313    
         778
  0.24414063    
   3.8564453    
         779
  0.24804688    
   3.8603516    
         780
  0.24804688    
   3.9003906    
         781
  0.25195313    
   3.9160156    
         782
  0.24804688    
   3.9316406    
         783
  0.25195313    
   3.9433594    
         784
  0.24804688    
   3.9316406    
         785
  0.25195313    
   4.0000000    
         786
  0.25292969    
   4.0039063    
         787
  0.25585938    
   4.0556641    
         788
  0.25585938    
   4.0751953    
         789
  0.25683594    
   4.0800781    
         790
  0.25292969    
   4.1318359    
         791
  0.26074219    
   4.1445313    
         792
  0.25585938    
   4.1718750    
         793
  0.26464844    
   4.1923828    
         794
  0.25976563    
   4.2080078    
         795
  0.25976563    
   4.2402344    
         796
  0.25976563    
   4.2402344    
         797
  0.26562500    
   4.2597656    
         798
  0.26367188    
   4.2968750    
         799
  0.26757813    
   4.3046875    
         800
  0.26367188    
   4.2480469    
