           1
       10122
           2
        9784
           3
       10030
           4
        9912
           5
        9955
           6
       10002
           7
       10209
           8
       10052
           9
       10169
          10
       10218
          11
        9968
          12
       10123
          13
        9793
          14
        9994
          15
       10010
          16
        9953
          17
        9923
          18
        9976
          19
       10096
          20
        9921
          21
        9926
          22
        9750
          23
        9960
          24
        9905
          25
        9856
          26
       10165
          27
       10074
          28
        9940
          29
        9807
          30
        9921
          31
        9999
          32
        9888
          33
        9958
          34
       10141
          35
       10011
          36
        9870
          37
        9814
          38
        9907
          39
        9997
          40
       10180
          41
       10044
          42
       10023
          43
       10055
          44
        9923
          45
        9934
          46
        9964
          47
       10247
          48
        9879
          49
        9941
          50
       10065
          51
       10162
          52
       10197
          53
       10202
          54
       10136
          55
        9937
          56
        9904
          57
       10011
          58
        9917
          59
        9965
          60
       10099
          61
        9988
          62
        9945
          63
        9936
          64
       10144
          65
       10050
          66
        9977
          67
       10054
          68
        9888
          69
       10032
          70
        9969
          71
       10086
          72
        9894
          73
        9922
          74
        9947
          75
       10025
          76
       10097
          77
        9800
          78
       10150
          79
       10048
          80
       10101
          81
        9942
          82
        9985
          83
       10098
          84
       10061
          85
        9976
          86
       10055
          87
        9917
          88
       10012
          89
        9798
          90
       10054
          91
        9883
          92
       10047
          93
       10160
          94
       10040
          95
        9996
          96
        9842
          97
       10166
          98
       10230
          99
        9927
         100
        9874
